745
93287
94656
24
8
55486
83534
67567
15
22
50712
84648
52274
39
88898
47
98174
89721
56622
39
36
92522
96064
79451
96486
77522
90061
51239
7
2
89955
93174
98800
71885
24
61008
67748
64261
92558
67339
36
96132
33
92289
88104
83530
10
89973
10
45
25
19
44
59726
86659
60797
69632
20
16
63894
7
95959
69901
66958
81380
68615
76195
8
54927
55568
73393
91744
61675
52974
46
78650
72082
65760
83708
18
82263
25
60209
12
66906
98901
50
69975
70511
97915
85479
97934
55374
74492
42
62934
8
15
60450
65622
57591
14
37
97086
99659
26
22
87436
62239
22
34
56614
99071
50
85542
95958
31
51582
84796
82441
24
79461
68194
66423
78755
76175
30
19
72195
1
97993
76263
83486
58200
7
70398
51409
28
84638
97065
49
52001
75060
94053
54471
50
0
11
30
59117
75504
68663
61675
78998
32
90189
53416
70300
51293
83754
7
71603
27
87448
96999
79479
7
99242
95249
97735
59050
96717
97270
97445
94998
75933
72020
0
10
76018
91018
71501
27
92445
54740
97335
47
61295
35
93763
88707
95822
48
37
63693
18
95019
27
76195
57004
25
50262
65875
90137
3
83522
52019
91640
70020
55848
87524
91266
82326
86496
90429
85667
20
71329
97726
21
54907
38
4
23
37
13
45
33
84288
8
76033
82404
61240
85749
36
60825
81979
86238
69234
96546
92516
76753
70790
63033
55924
72442
99124
82861
96755
84628
71061
73321
13
4
22
58076
6
42
73555
50055
97724
43
26
53182
99877
72951
59076
46
89201
96400
4
73664
88301
66553
56972
19
3
95331
74828
64192
48
14
50
20
84510
89366
86196
54492
86453
88386
87310
66228
63689
68074
40
23
70744
98261
61046
68197
89690
33
78880
47
29
67994
98486
78713
63423
0
8
69063
3
64383
89679
12
86726
77695
67065
99199
49
95148
59062
54390
50
64749
87968
50
50663
91186
18
42
74743
70434
63359
86123
60800
85666
5
78263
36
95193
88966
67169
60854
75057
78371
7
36
62441
75117
89376
20
27
95387
20
80106
89731
81694
85343
84626
63512
63612
54811
69364
40
73276
63363
76944
82289
94991
83682
33
64553
25
60592
49
94788
98972
76340
85996
67532
94894
82792
47
69949
97786
11
50253
70390
98293
98402
12
19
0
2
69059
93597
13
75726
56551
35
87950
51599
90003
87395
20
78353
78796
36
42
46
25
51378
98874
2
30
16
42
0
11
8
61161
56463
75164
53158
57087
1
76384
54689
80459
66723
78985
65547
64917
1
90789
54439
74130
63136
41
96907
48
98092
53259
20
53626
22
82267
68037
76038
5
29
33
50
88015
89648
10
34
19
85262
50
78725
49
55053
98807
79167
83876
92821
89445
60651
19
73384
15
79708
68147
94700
59275
76673
14
66206
89158
14
96313
13
66996
65793
93833
50866
61768
69576
25
58279
70029
69425
99638
99716
34
45
44
57739
26
79274
28
76558
40
54923
94795
56241
25
98282
93308
59801
20
82165
83237
85735
82442
90863
66981
61552
91966
41
43
45
84999
78191
61116
74354
28
54084
43
67008
91532
4
8
83375
59966
14
77016
23
7
91650
75795
50
84484
86967
61328
51525
60756
61283
54647
96670
34
65304
94780
95842
52947
49
93445
41
76070
78987
57737
36
70713
7
83444
80250
74765
71213
91239
21
67633
4
69590
97834
13
76285
80282
5
6
48
63548
57737
80612
84609
12
56098
5
85225
58277
63540
61637
57982
92365
97358
84352
78296
24
82826
70010
61353
90185
81836
60104
92799
50
44
1
57811
32
18
94469
67679
96927
97468
81755
94165
21
19
1
18
90738
23
20
66280
58951
38
67906
57411
15
59084
29
63463
42
15
80725
70957
51361
66005
64569
47
47
80666
32
32
20
35
97052
87391
74162
82966
79255
14
86768
62445
66441
17
96846
95392
24
67635
59285
97159
77307
91125
92363
26
41
64793
90634
91884
17
16
77967
94671
3
74720
35
34
93235
29
54571
60229
66267
94385
59711
87323
73539
25
39
76801
17
87954
52081
60347
90793
28
83441
52667
61317
0
23
4
22
73261
3
54221
95901
86546
49
99311
54753
50230
22
72805
72240
72901
69456
3
79070
50490
93046
65211
20
28
91679
77909
12
13
14
99911
82445
50649
85741
19
28
81850
66398
67711
14
42
65284
26
58119
